[
{
"id": 300,
"rotation": [
-0.00205265, -0.999998, 0.000732591,
0.999997, -0.00205156, 0.00149035,
-0.00148884, 0.000735648, 0.999999
],
"position": [ 
-0.000, 
-0.145, 
 0.867 ],
"projection": [
1150.66785706630299, 0, 1030.29,
0, 1150.66785706630299, 1024.96,
0, 0, 1
],
"size" : [2048, 2048],
"distortion": {
"pps": [
1042.178,
1027.565
],
"poly357": [
-1.33791587603751819E-7,
3.47540977328314388E-14,
-4.44103985918888078E-21
],
"limit": 2079
}
},
{
"id": 301,
"mask" : "images/mask301.jpg",
"rotation": [
-0.999967, 0.0057386, -0.00572497,
-0.00572726, -0.000383448, 0.999984,
0.00573631, 0.999983, 0.000416302
],
"position": [
 0.062,
-0.045,
 0.865
],
"projection": [
1134.10249915110944, 0, 1036.59,
0, 1134.10249915110944, 1027.39,
0, 0, 1
],
"size" : [2048, 2048],
"distortion": {
"pps": [
1042.178,
1027.565
],
"poly357": [
-1.40358671178762456E-7,
3.68704437301178485E-14,
-4.70823660788942483E-21
],
"limit": 2065
}
},
{
"id": 302,
"rotation": [
0.0008499, -0.999978, -0.00664034,
0.00460009, -0.00663636, 0.999967,
-0.999989, -0.000880418, 0.00459435
],
"position": [
-0.103,
-0.086,
 0.867
],
"projection": [
1129.96581598065382, 0, 1044.51,
0, 1129.96581598065382, 1024.87,
0, 0, 1
],
"size" : [2048, 2048],
"distortion": {
"pps": [
1042.178,
1027.565
],
"poly357": [
-1.43584241381542442E-7,
3.85479524108064982E-14,
-5.0301787584825994E-21
],
"limit": 2042
}
},
{
"id": 303,
"mask" : "images/mask303.jpg",
"rotation": [
0.999994, -0.000499298, -0.00349604,
0.00349722, 0.00238871, 0.999991,
-0.000490943, -0.999997, 0.00239044
],
"position": [
-0.060,
-0.248,
 0.865
],
"projection": [
1128.12363890680899, 0, 1027.81,
0, 1128.12363890680899, 1023.82,
0, 0, 1
],
"size" : [2048, 2048],
"distortion": {
"pps": [
1042.178,
1027.565
],
"poly357": [
-1.43584241381542442E-7,
3.85479524108064982E-14,
-5.0301787584825994E-21
],
"limit": 2042
}
},
{
"id": 304,
"rotation": [
-0.00375951, 0.999979, 0.00529837,
-0.00301241, -0.0053097, 0.999981,
0.999988, 0.00374348, 0.0030323
],
"position": [
 0.100,
-0.207,
 0.863
],
"projection": [
1128.70551522705205, 0, 1037.71,
0, 1128.70551522705205, 1015.36,
0, 0, 1
],
"size" : [2048, 2048],
"distortion": {
"pps": [
1042.178,
1027.565
],
"poly357": [
-1.4331013261463578E-7,
3.77792882615437153E-14,
-4.83479389959883182E-21
],
"limit": 2056
}
}
]
